10025   10038
10094   10217
10108   10231
10244   10264
10344   10370
10350   10384
10384   10384
10482   10384
10554   10384
10574   10384
10825   10384
10876   10384
11127   10384
11235   10384
11304   10384
11306   10568
11460   10610
11473   10641
11725   10789
11811   10828
11847   10875
11879   10947
11942   10985
12037   11033
12107   11157
12268   11256
12318   11320
12343   11395
12482   11509
12545   11545
12624   11748
12692   11878
12745   12088
12766   12113
12873   12441
12961   12535
13013   12545
13045   12545
13115   12545
13270   12545
13301   12545
13415   12545
13432   12545
13442   12545
13483   12545
13638   12545
13771   12545
13902   12545
14013   12566
14103   12585
14132   12680
14289   12793
14741   12895
14772   12978
14775   13362
14796   13451
14991   13771
15259   13771
15303   13771
15440   13771
15620   13771
15689   13771
15693   13771
15707   13771
15728   13771
15751   13888
15753   13908
15762   14030
15945   14309
15966   14376
16202   14432
16290   14446
16360   15309
16582   15359
16646   15456
16751   15548
16788   15774
16804   15860
16981   15938
17129   16047
17144   16117
17309   16184
17369   16295
17449   16306
17483   16548
17606   16929
17608   16960
17672   17210
17806   17241
17990   17321
18269   17452
18275   17547
18624   17736
18656   17935
18670   17965
18703   17973
18766   18019
18852   18057
19220   18102
19249   18450
19484   18512
19564   18635
19593   18727
19640   18750
19650   18877
20017   18922
20160   19024
20183   19071
20192   19099
20220   19329
20235   19348
20304   19404
20446   19519
20450   19656
20520   19717
20531   19794
20539   19881
20540   19884
20610   19940
20660   19977
20791   20294
20971   20339
20990   20356
21048   20360
21110   20405
21208   20435
21275   20539
21479   20539
21512   20539
21557   20539
21578   20539
21694   20539
21877   20539
21884   20539
21926   20539
22078   20539
22091   20539
22092   20539
22218   20539
22303   20539
22354   20539
22375   20539
22503   20539
22615   20539
22665   20539
22679   20539
22747   20979
22754   21104
22816   21136
22830   21176
23072   21499
23213   21578
23287   21578
23453   21578
23529   21578
23560   21578
23592   21578
23652   21578
23682   21578
23863   21578
23865   21578
23940   21578
23955   21578
24031   21578
24189   22052
24269   22200
24283   22307
24353   22323
24385   22464
24537   22553
24778   22980
24918   22998
24969   23006
24972   23234
25002   23292
25209   23294
25223   23321
25266   23428
25467   23495
25521   23638
25693   23748
25722   23751
25744   23934
25794   24001
26084   24151
26129   24178
26193   24470
26206   24476
26295   24478
26374   24594
26547   24708
26599   24826
26748   24875
26814   24912
26912   25083
27145   25306
27291   25380
27359   25637
27392   25797
27419   25925
27429   26174
27500   27007
27674   27400
27696   27487
27903   27989
27951   27989
27989   27989
28153   27989
28300   27989
28337   27989
28512   27989
28751   28144
28871   28291
28878   28321
28963   28322
29166   28493
29214   28634
29227   28781
29421   28878
29454   28878
29535   28887
29621   29069
29637   29091
29645   29107
29793   29117
30023   29333
30064   29473
30069   29830
30078   30016
30280   30116
30315   30263
30475   31050
30546   31340
30646   31513
30935   31770
31028   31881
31132   31901
31154   32106
31334   32238
31356   32361
31456   32381
31630   32392
31677   32694
31736   32752
31787   33464
31814   33489
31848   33716
31911   33756
31987   33767
32022   33767
32264   33767
32266   33767
32358   33948
32375   34047
32379   34094
32418   34329
32448   34945
32535   34963
32568   35082
32593   35228
32658   35244
32669   35249
32735   35644
32969   35771
33021   35803
33062   36040
33311   36130
33693   36220
33696   36362
33715   36392
33767   36476
33887   36714
34061   36776
34116   36786
34118   36888
34231   37020
34260   37050
34313   37175
34356   37183
34471   37197
34590   37248
34879   37252
35123   37274
35164   37506
35272   37506
35374   37506
35412   37771
35563   37989
35670   38134
35694   38204
35838   38307
35917   38780
36031   38791
36110   38810
36207   38880
36217   39300
36301   39391
36306   39469
36535   40010
36647   40058
36682   40227
36807   40541
36810   40866
36857   40920
36881   41120
36886   41162
36985   41339
37134   41583
37229   41758
37290   41826
37430   42641
37506   42723
37523   42732
37599   42805
37843   42865
37877   42941
37884   42957
37906   42986
37944   43137
37953   43148
37982   43464
38215   43545
38302   43545
38416   43545
38430   43545
38645   43545
38814   43545
38979   43545
39034   43545
39126   43545
39134   43670
39473   43681
39541   43726
39635   43901
39722   44014
39730   44052
39890   44061
39951   44366
39988   44444
40067   44641
40276   44641
40295   44641
40468   44641
40569   44641
40596   44641
40647   44641
40695   44641
40711   44641
40720   44641
40777   44641
40824   44641
40950   44641
40986   44641
41089   44641
41107   44641
41243   44641
41460   44641
41522   44701
41545   44753
41594   44772
41705   44845
41802   44848
42094   44872
42112   45232
42123   45269
42130   45421
42146   45421
42152   45421
42155   45421
42269   45421
42338   45421
42357   45439
42439   45569
42742   45569
42966   45569
42990   45582
42994   45599
43029   45908
43184   45976
43224   46149
43296   46328
43323   46770
43385   46789
43437   46831
43528   46831
43545   46831
43720   46831
43931   46831
43982   46831
44070   46831
44081   46831
44119   47011
44390   47035
44565   47227
44571   47258
44609   47624
44641   48012
44661   48421
45031   48494
45040   48538
45087   48853
45340   48934
45421   49059
45443   49076
45511   49154
45535   49352
45569   49639
45623   49652
45632   49794
45765   50021
45809   50254
45827   50297
45937   50552
45974   50773
46079   50845
46117   51075
46217   51180
46412   51248
46465   51333
46505   51379
46742   51545
46831   51561
46869   51561
46917   51561
46958   51561
47052   51561
47076   51561
47090   51561
47145   51561
47174   51561
47806   51561
47946   51561
47947   51561
47965   51561
48205   51561
48402   51561
48469   51561
48508   51561
48593   51561
48604   51914
48635   51955
48683   52042
48846   52062
48856   52368
48876   52515
49060   52738
49244   52740
49324   52740
49395   52740
49403   52740
49470   52740
49551   52740
49739   52740
49801   52816
49870   52860
50113   52954
50228   53040
50247   53127
50320   53244
50326   53271
50413   53329
50429   53372
50441   53668
50499   53681
50586   54115
50596   54247
50700   54251
50793   54263
50893   54425
50946   54609
50963   54609
51561   54609
51669   54609
51738   54609
52016   54642
52069   54837
52122   55075
52147   55075
52162   55075
52163   55075
52172   55075
52173   55075
52201   55075
52275   55210
52350   55255
52409   55540
52456   55708
52492   55708
52515   55708
52590   55708
52651   55708
52663   55708
52740   55708
52857   55708
52911   55708
52961   55708
53057   55708
53215   55708
53310   55708
53411   55723
53813   55744
53868   55747
53921   55967
53984   56470
54026   56492
54212   56492
54466   56492
54539   56492
54609   56492
54643   56492
54674   56492
54757   56492
54932   56492
54997   56492
55052   56492
55075   56492
55156   56636
55249   56802
55578   56903
55590   57010
55615   57465
55701   57838
55708   57838
55957   57838
56077   57838
56149   57838
56424   57936
56492   58191
56624   58220
56656   58545
56771   58578
56796   58891
56972   59003
57077   59015
57200   59152
57341   59319
57447   59322
57487   59462
57559   59506
57572   59668
57636   59704
57720   59767
57739   59949
57747   59962
57838   59962
57876   59962
58182   59962
58519   59962
58537   59962
58696   59962
59056   59962
59110   59962
59198   59962
59237   59962
59279   59962
59385   59962
59437   59967
59469   60352
59773   60442
59783   60704
59962   60811
60167   60906
60188   61590
60197   61780
60286   61893
60444   61981
60448   62853
60567   62870
60794   63113
60834   63118
60851   63154
61018   63286
61112   63362
61238   63370
61310   63421
61314   63597
61458   63676
61530   63685
61565   63863
61750   63863
61852   63863
61904   63863
61944   63863
61945   63863
62010   63863
62017   63863
62283   63863
62311   63863
62449   63863
62585   63863
62591   63863
62596   63863
62628   63863
62799   63863
62810   63897
62939   63996
62942   64009
62966   64555
63000   64622
63201   64673
63492   64776
63863   65139
63903   65151
63905   65151
63959   65250
64237   65287
64327   65539
64333   65732
64417   66096
64526   66207
64617   66561
65006   66608
65056   66822
65146   67107
65151   67347
65323   67361
65419   67466
65425   67549
65476   67638
65519   67664
65599   67671
65713   67704
65750   67828
65779   67853
66105   67873
66149   67999
66171   68008
66260   68058
66362   68743
66470   68797
66496   68830
66522   69194
66722   69269
66795   69309
66826   69310
67153   69348
67180   69358
67392   69378
67396   69411
67441   69483
67856   69523
67881   69953
67898   69987
68048   70090
68144   70236
68243   70321
68290   70498
68519   70510
68732   70594
68736   70709
68739   70868
68822   70880
68966   71259
69023   71317
69041   71404
69143   71421
69178   71422
69212   71429
69232   71561
69446   71764
69470   71823
69512   72008
69537   72008
69644   72008
69718   72008
69842   72008
69889   72008
70010   72008
70038   72008
70095   72008
70105   72008
70242   72008
70343   72008
70451   72008
70563   72008
70608   72008
70793   72008
70802   72008
70882   72008
70931   72008
70940   72008
71061   72342
71151   72348
71178   72637
71208   72637
71407   72637
71491   72637
71529   72637
71603   72637
71761   72637
71863   72637
72008   72637
72120   72637
72148   72637
72231   72637
72399   72637
72435   72637
72470   72764
72531   72847
72534   72928
72586   72950
72608   72950
72636   72950
72637   72950
72894   72950
72941   72950
72950   72950
73120   72950
73202   72950
73221   72950
73227   72950
73249   72950
73291   72950
73309   72950
73322   72950
73386   72950
73415   72950
73419   72950
73437   72950
73439   73183
73596   73196
73597   73367
73670   73436
73726   73448
73748   73456
73793   73824
73936   74161
74034   74396
74161   74415
74182   74474
74410   74487
74468   74753
74544   74902
74609   74913
74639   75147
74663   75384
74746   75399
74781   75526
75012   75526
75261   75526
75282   75526
75288   75526
75430   75526
75491   75526
75526   75526
75712   75526
75921   75526
75962   75526
75989   75660
76023   75813
76156   75923
76228   75987
76324   76028
76391   76292
76593   76327
76700   76424
76715   76455
76836   76514
77193   76675
77366   76700
77519   76700
77531   76700
77617   76700
77809   76700
77874   76700
77920   76700
77959   76700
78100   76700
78106   76700
78223   76700
78328   76700
78436   76700
78467   76700
78560   76700
78675   76763
78766   76795
78988   76951
78989   77007
79064   77120
79131   77246
79161   77413
79196   77738
79343   77888
79353   77953
79390   78077
79559   78262
79619   78335
79750   78476
79762   78492
79861   78498
79869   78505
79940   78651
80168   78772
80242   79404
80381   79623
80404   79740
80436   79805
80522   79809
80589   80010
80642   80944
80861   81049
81136   81103
81215   81181
81353   81194
81455   81245
81704   81385
81752   81484
81872   81597
82033   81743
82130   81800
82171   82003
82211   82035
82283   82078
82366   82210
82496   82211
82511   82211
82520   82211
82673   82211
82680   82211
82778   82211
82882   82211
83052   82211
83107   82211
83135   82211
83375   82211
83631   82211
83671   82211
83689   82211
83898   82211
84143   82211
84146   82211
84295   82211
84346   82211
84366   82211
84375   82223
84557   82268
84728   82314
84791   82747
84881   82756
84905   82761
85037   82789
85157   82859
85258   82912
85260   82973
85416   83113
85422   83175
85592   83187
85612   83368
85633   83415
85655   83789
85699   83795
85977   83839
86012   84207
86094   84251
86188   84332
86245   84635
86303   84670
86349   84695
86357   85099
86407   85266
86642   85268
86692   85416
86831   85416
86869   85416
86932   85416
86942   85416
86955   85416
86960   85416
87038   85416
87086   85416
87107   85416
87249   85416
87453   86105
87473   86342
87715   86519
87815   86546
87918   86653
88281   86910
88424   86926
88488   86984
88568   87091
88677   87139
88760   87238
88861   87359
88930   87390
89074   87416
89155   87885
89187   87891
89219   88028
89285   88120
89320   88220
89396   88274
89591   88303
89688   88351
89794   88420
89820   88508
89847   88749
89891   88760
90175   88760
90197   88760
90210   88760
90345   88760
90350   88760
90403   88760
90410   88760
90423   88760
90476   89093
90525   89133
90529   89160
90649   89195
90765   89280
90911   89605
90957   90065
90963   90327
91010   90696
91087   90856
91194   90937
91199   91450
91291   91756
91311   91931
91393   91960
91404   91970
91645   91976
91723   92073
91841   92143
92303   92205
92371   92231
92627   92371
92838   92371
92960   92371
93129   92371
93141   92371
93348   92585
93456   93012
93681   93017
93708   93458
93854   93462
93897   93483
93965   93560
94060   93601
94124   93661
94202   93796
94285   93897
94291   93897
94377   93897
94457   93897
94462   93897
94465   93897
94487   93897
94565   93897
94691   93897
94819   93897
94841   93897
94888   93897
94917   93897
94998   93897
95007   93897
95022   93897
95185   93897
95278   94158
95490   94343
95595   94447
95799   94468
95995   94696
96118   94788
96153   94922
96163   95194
96195   95205
96205   95874
96275   96114
96584   96254
96681   96268
96689   96432
97065   96562
97191   96793
97324   96957
97348   96969
97540   96992
97607   97001
97645   97060
97699   97303
97988   97332
97997   97434
98018   97472
98202   97535
98357   97653
98432   97870
98457   97896
98521   97921
98802   98062
98888   98219
99106   98410
99240   98489
99434   98669
99498   99136
99517   99374
99557   99527
99768   99592
99770   99748
99952   99774
